SD.SrcPos = [-60,90,0;0,90,0;60,90,0;-60,0,0;-20,0,0;20,0,0;60,0,0;0,40,0];
SD.DetPos = [-60,60,0;-30,90,0;30,90,0;60,60,0;-80,20,0;-80,-20,0;-40,20,0;-40,-20,0;0,20,0;0,-20,0;40,20,0;40,-20,0;80,20,0;80,-20,0;-15,60,0;15,60,0;-70,90,0;0,80,0;70,90,0;-70,0,0;-30,0,0;10,0,0;50,0,0;10,40,0];
